#NAME	A1	A2	A3	A7	A8	A9
ASV_1	2596	2997	3611	476	322	504
ASV_2	1484	1471	1902	0	0	0
ASV_3	846	1073	1206	0	0	18
ASV_4	914	867	1071	0	0	29
ASV_5	949	605	868	74	47	42
ASV_6	935	710	881	0	0	0
ASV_7	0	0	0	1130	529	683
ASV_8	706	649	864	83	0	28
ASV_9	888	451	796	171	12	0
ASV_10	0	0	0	802	502	942
ASV_11	682	451	680	143	75	115
ASV_12	549	621	648	35	0	30
ASV_13	0	0	0	674	456	669
ASV_14	88	66	77	493	464	583
ASV_15	646	461	567	0	0	0
ASV_16	615	463	592	0	0	0
ASV_17	0	0	0	694	385	483
ASV_18	497	460	540	0	0	0
ASV_19	230	162	199	378	205	299
ASV_20	533	327	531	0	0	0
ASV_21	474	374	504	0	0	0
ASV_22	0	0	0	557	298	467
ASV_23	195	241	199	317	135	234
ASV_24	304	363	351	116	55	67
ASV_25	131	121	0	436	248	295
ASV_26	389	363	443	0	0	0
ASV_27	393	318	451	0	0	26
ASV_28	0	0	0	447	265	400
ASV_29	0	0	0	380	350	366
ASV_30	421	298	341	0	0	0
ASV_31	403	273	379	0	0	0
ASV_32	342	328	380	0	0	0
ASV_33	192	180	176	210	123	168
ASV_34	349	232	453	0	0	0
ASV_35	370	343	291	0	0	0
ASV_36	229	245	294	111	37	77
ASV_37	174	233	139	179	127	137
ASV_38	0	0	0	423	217	290
ASV_39	281	270	356	0	0	22
ASV_40	289	261	312	0	0	0
ASV_41	247	308	297	0	0	0
ASV_42	357	214	279	0	0	0
ASV_43	0	0	0	340	315	168
ASV_44	0	0	0	287	333	125
ASV_45	212	228	286	0	0	0
ASV_46	157	165	208	87	35	74
ASV_47	90	120	52	221	88	148
ASV_48	0	0	0	324	196	198
ASV_49	5	5	0	265	251	184
ASV_50	231	234	235	0	0	0
ASV_51	0	0	0	290	0	406
ASV_52	29	0	0	265	133	258
ASV_53	56	19	45	254	134	172
ASV_54	19	14	0	296	138	208
ASV_55	198	174	232	26	0	27
ASV_56	192	182	278	0	0	0
ASV_57	205	193	248	0	0	0
ASV_58	235	174	206	0	0	27
ASV_59	35	33	30	278	65	201
ASV_60	169	191	233	43	0	0
ASV_61	238	167	224	0	0	0
ASV_62	185	187	255	0	0	0
ASV_63	0	0	0	302	123	197
ASV_64	133	158	313	4	0	0
ASV_65	202	158	247	0	0	0
ASV_66	39	17	49	266	96	134
ASV_67	181	210	206	0	0	0
ASV_68	122	90	80	112	79	111
ASV_69	0	0	0	235	144	201
ASV_70	180	169	228	0	0	0
ASV_71	187	162	221	0	0	0
ASV_72	199	184	180	0	0	0
ASV_73	133	88	133	113	52	44
ASV_74	164	191	192	0	0	0
ASV_75	218	174	150	0	0	0
ASV_76	196	155	156	11	9	15
ASV_77	0	0	0	214	137	177
ASV_78	191	134	192	0	0	0
ASV_79	187	154	158	0	0	0
ASV_80	0	0	0	229	98	160
ASV_81	126	174	177	0	0	0
ASV_82	173	120	182	0	0	0
ASV_83	145	129	184	17	0	0
ASV_84	0	0	0	270	129	76
ASV_85	122	113	161	17	9	28
ASV_86	25	39	0	162	101	109
ASV_87	0	0	0	166	111	155
ASV_88	131	119	113	38	26	0
ASV_89	156	121	142	0	0	0
ASV_90	0	0	0	248	83	83
ASV_91	0	0	0	155	134	121
ASV_92	0	0	0	192	68	149
ASV_93	0	0	0	177	102	130
ASV_94	0	0	0	146	94	167
ASV_95	0	0	0	165	114	127
ASV_96	171	88	143	0	0	0
ASV_97	108	73	98	57	0	63
ASV_98	0	0	0	162	113	124
ASV_99	117	89	98	58	36	0
ASV_100	73	96	105	124	0	0
ASV_101	0	0	0	175	91	131
ASV_102	118	125	150	0	0	0
ASV_103	0	0	0	173	100	120
ASV_104	0	0	0	135	114	140
ASV_105	156	133	98	0	0	0
ASV_106	0	0	0	214	78	92
ASV_107	0	0	0	183	90	110
ASV_108	100	113	124	15	0	28
ASV_109	0	0	0	111	129	139
ASV_110	42	0	0	149	88	99
ASV_111	131	115	131	0	0	0
ASV_112	131	108	133	0	0	0
ASV_113	115	120	136	0	0	0
ASV_114	100	141	130	0	0	0
ASV_115	144	90	117	0	0	17
ASV_116	131	95	140	0	0	0
ASV_117	133	106	108	18	0	0
ASV_118	108	121	133	0	0	0
ASV_119	0	0	0	197	57	107
ASV_120	122	127	110	0	0	0
ASV_121	61	64	101	38	24	71
ASV_122	0	0	0	179	29	150
ASV_123	125	103	127	0	0	0
ASV_124	52	0	48	66	0	189
ASV_125	0	0	0	51	0	304
ASV_126	0	0	0	137	55	162
ASV_127	0	0	0	140	94	110
ASV_128	124	103	115	0	0	0
ASV_129	134	90	117	0	0	0
ASV_130	107	121	112	0	0	0
ASV_131	0	0	0	113	110	115
ASV_132	0	0	0	158	68	104
ASV_133	94	129	105	0	0	0
ASV_134	118	100	109	0	0	0
ASV_135	118	102	106	0	0	0
ASV_136	0	0	9	161	51	103
ASV_137	0	0	0	153	75	96
ASV_138	0	0	0	138	68	118
ASV_139	74	84	165	0	0	0
ASV_140	0	0	0	145	85	89
ASV_141	135	67	116	0	0	0
ASV_142	98	86	133	0	0	0
ASV_143	0	0	0	144	86	82
ASV_144	127	69	111	0	0	0
ASV_145	127	65	111	0	0	0
ASV_146	109	98	93	0	0	0
ASV_147	0	0	0	135	85	80
ASV_148	0	0	0	92	101	107
ASV_149	93	88	114	0	0	0
ASV_150	154	33	106	0	0	0
ASV_151	0	0	0	108	79	105
ASV_152	84	106	101	0	0	0
ASV_153	109	80	101	0	0	0
ASV_154	99	112	78	0	0	0
ASV_155	0	0	0	132	50	106
ASV_156	58	61	57	41	31	39
ASV_157	92	101	87	0	0	0
ASV_158	63	101	112	0	0	0
ASV_159	102	76	97	0	0	0
ASV_160	42	39	66	40	43	45
ASV_161	0	0	0	80	94	101
ASV_162	95	57	122	0	0	0
ASV_163	0	0	0	135	64	74
ASV_164	0	0	0	123	57	93
ASV_165	116	72	83	0	0	0
ASV_166	91	78	102	0	0	0
ASV_167	0	0	0	120	68	83
ASV_168	67	90	113	0	0	0
ASV_169	0	0	0	125	72	73
ASV_170	104	92	72	0	0	0
ASV_171	67	101	98	0	0	0
ASV_172	0	0	0	87	82	97
ASV_173	0	0	0	110	67	87
ASV_174	96	61	101	4	0	0
ASV_175	0	0	0	87	77	98
ASV_176	0	0	0	106	54	101
ASV_177	0	0	0	94	27	140
ASV_178	0	0	0	97	90	73
ASV_179	83	81	93	0	0	0
ASV_180	63	105	89	0	0	0
ASV_181	26	21	0	95	50	65
ASV_182	0	0	0	138	54	65
ASV_183	0	0	0	105	40	111
ASV_184	71	82	99	0	0	0
ASV_185	95	64	90	0	0	0
ASV_186	90	63	96	0	0	0
ASV_187	98	69	81	0	0	0
ASV_188	76	94	78	0	0	0
ASV_189	93	83	71	0	0	0
ASV_190	0	0	0	117	67	63
ASV_191	0	0	0	116	75	55
ASV_192	104	82	58	0	0	0
ASV_193	78	66	100	0	0	0
ASV_194	0	0	16	101	67	60
ASV_195	0	0	0	132	47	65
ASV_196	0	0	0	61	65	118
ASV_197	116	51	75	0	0	0
ASV_198	82	96	63	0	0	0
ASV_199	47	47	48	0	0	99
ASV_200	0	0	0	103	51	87
ASV_201	0	0	0	108	62	70
ASV_202	79	94	66	0	0	0
ASV_203	0	0	0	114	45	79
ASV_204	72	75	90	0	0	0
ASV_205	85	51	99	0	0	0
ASV_206	83	70	82	0	0	0
ASV_207	0	0	0	80	65	90
ASV_208	109	69	56	0	0	0
ASV_209	100	0	133	0	0	0
ASV_210	7	0	0	121	46	58
ASV_211	79	74	77	0	0	0
ASV_212	91	44	94	0	0	0
ASV_213	0	0	0	90	66	73
ASV_214	0	0	0	88	66	75
ASV_215	100	50	77	0	0	0
ASV_216	75	56	95	0	0	0
ASV_217	62	56	105	0	0	0
ASV_218	0	0	0	74	51	96
ASV_219	63	74	83	0	0	0
ASV_220	0	0	0	74	77	69
ASV_221	60	71	88	0	0	0
ASV_222	0	0	0	104	44	71
ASV_223	76	67	75	0	0	0
ASV_224	0	0	0	100	51	67
ASV_225	0	0	0	72	69	76
ASV_226	59	62	95	0	0	0
ASV_227	101	29	85	0	0	0
ASV_228	0	0	0	101	41	70
ASV_229	0	0	0	91	46	75
ASV_230	71	59	81	0	0	0
ASV_231	113	0	96	0	0	0
ASV_232	0	0	0	88	40	81
ASV_233	0	0	0	96	40	71
ASV_234	81	56	69	0	0	0
ASV_235	0	0	0	114	35	55
ASV_236	6	9	0	114	0	74
ASV_237	0	0	0	69	54	80
ASV_238	0	0	0	106	31	64
ASV_239	137	0	63	0	0	0
ASV_240	101	0	99	0	0	0
ASV_241	65	32	33	30	18	22
ASV_242	49	85	66	0	0	0
ASV_243	0	0	0	86	39	75
ASV_244	76	0	73	33	17	0
ASV_245	0	0	38	0	69	91
ASV_246	71	53	73	0	0	0
ASV_247	0	0	0	63	94	40
ASV_248	64	71	61	0	0	0
ASV_249	55	69	70	0	0	0
ASV_250	109	82	0	0	0	0
ASV_251	63	36	92	0	0	0
ASV_252	0	0	0	49	51	91
ASV_253	54	31	71	12	0	22
ASV_254	62	66	61	0	0	0
ASV_255	61	49	79	0	0	0
ASV_256	53	30	106	0	0	0
ASV_257	0	0	0	58	55	76
ASV_258	70	49	69	0	0	0
ASV_259	0	0	0	79	34	75
ASV_260	109	31	47	0	0	0
ASV_261	63	65	59	0	0	0
ASV_262	0	0	0	69	58	60
ASV_263	55	50	80	0	0	0
ASV_264	0	0	0	102	36	46
ASV_265	0	0	0	96	34	54
ASV_266	0	0	0	64	56	64
ASV_267	69	0	91	23	0	0
ASV_268	48	46	89	0	0	0
ASV_269	0	0	0	92	54	36
ASV_270	73	43	65	0	0	0
ASV_271	0	0	0	82	41	58
ASV_272	0	0	0	75	47	56
ASV_273	0	0	0	65	30	83
ASV_274	0	0	0	65	50	63
ASV_275	0	0	0	64	52	62
ASV_276	0	0	0	53	101	24
ASV_277	0	0	0	62	44	71
ASV_278	35	61	80	0	0	0
ASV_279	0	0	0	126	0	50
ASV_280	76	43	56	0	0	0
ASV_281	67	51	57	0	0	0
ASV_282	90	0	84	0	0	0
ASV_283	36	77	61	0	0	0
ASV_284	0	107	67	0	0	0
ASV_285	80	36	56	0	0	0
ASV_286	0	0	0	68	47	56
ASV_287	0	0	0	61	40	70
ASV_288	0	0	0	81	23	66
ASV_289	82	32	55	0	0	0
ASV_290	73	57	39	0	0	0
ASV_291	31	68	70	0	0	0
ASV_292	0	0	0	169	0	0
ASV_293	0	0	0	105	0	64
ASV_294	44	45	79	0	0	0
ASV_295	0	0	0	110	30	27
ASV_296	57	39	70	0	0	0
ASV_297	55	55	56	0	0	0
ASV_298	50	48	68	0	0	0
ASV_299	36	60	70	0	0	0
ASV_300	0	0	0	77	34	55
ASV_301	0	0	0	69	38	59
ASV_302	0	0	0	64	36	65
ASV_303	0	0	0	61	43	61
ASV_304	0	0	0	61	53	50
ASV_305	0	88	75	0	0	0
ASV_306	0	0	0	71	32	59
ASV_307	79	0	82	0	0	0
ASV_308	75	25	61	0	0	0
ASV_309	57	52	52	0	0	0
ASV_310	56	55	50	0	0	0
ASV_311	0	27	30	41	35	28
ASV_312	0	0	0	47	50	64
ASV_313	0	0	0	112	48	0
ASV_314	0	0	0	69	43	48
ASV_315	74	0	85	0	0	0
ASV_316	63	39	56	0	0	0
ASV_317	89	0	68	0	0	0
ASV_318	74	43	40	0	0	0
ASV_319	54	51	52	0	0	0
ASV_320	32	38	48	20	0	19
ASV_321	0	0	0	73	33	51
ASV_322	0	0	0	62	40	55
ASV_323	0	0	0	57	43	57
ASV_324	44	57	55	0	0	0
ASV_325	0	0	0	79	33	44
ASV_326	0	0	0	71	29	56
ASV_327	0	0	0	67	35	54
ASV_328	87	68	0	0	0	0
ASV_329	0	0	0	90	33	32
ASV_330	0	0	0	77	37	41
ASV_331	0	0	0	63	43	49
ASV_332	0	0	0	154	0	0
ASV_333	70	44	39	0	0	0
ASV_334	39	68	39	0	7	0
ASV_335	14	0	0	55	38	46
ASV_336	95	0	56	0	0	0
ASV_337	92	59	0	0	0	0
ASV_338	43	38	33	0	0	36
ASV_339	43	40	67	0	0	0
ASV_340	0	0	0	57	42	51
ASV_341	0	0	0	34	28	88
ASV_342	23	67	59	0	0	0
ASV_343	0	0	0	71	24	54
ASV_344	69	0	79	0	0	0
ASV_345	52	33	63	0	0	0
ASV_346	0	39	45	0	0	64
ASV_347	0	0	0	0	148	0
ASV_348	88	32	27	0	0	0
ASV_349	36	43	68	0	0	0
ASV_350	0	0	0	74	33	40
ASV_351	0	0	0	0	72	75
ASV_352	67	0	79	0	0	0
ASV_353	75	0	70	0	0	0
ASV_354	30	29	45	0	29	12
ASV_355	27	53	65	0	0	0
ASV_356	0	0	0	60	40	45
ASV_357	0	68	76	0	0	0
ASV_358	80	25	38	0	0	0
ASV_359	0	0	0	47	49	47
ASV_360	42	44	56	0	0	0
ASV_361	36	26	50	12	0	17
ASV_362	0	0	0	62	0	79
ASV_363	0	0	0	52	39	49
ASV_364	59	30	49	0	0	0
ASV_365	55	28	55	0	0	0
ASV_366	0	0	0	60	44	34
ASV_367	0	0	0	56	35	46
ASV_368	24	52	60	0	0	0
ASV_369	51	0	83	0	0	0
ASV_370	0	0	0	54	39	40
ASV_371	47	27	58	0	0	0
ASV_372	0	0	0	57	32	43
ASV_373	0	0	0	56	32	44
ASV_374	71	60	0	0	0	0
ASV_375	60	0	71	0	0	0
ASV_376	67	0	63	0	0	0
ASV_377	0	0	0	64	66	0
ASV_378	0	0	0	0	0	130
ASV_379	43	40	46	0	0	0
ASV_380	0	0	0	53	30	46
ASV_381	0	0	0	51	25	53
ASV_382	72	0	56	0	0	0
ASV_383	63	65	0	0	0	0
ASV_384	25	51	52	0	0	0
ASV_385	32	42	53	0	0	0
ASV_386	0	0	0	78	0	49
ASV_387	0	0	0	67	22	38
ASV_388	0	0	0	64	0	63
ASV_389	51	51	24	0	0	0
ASV_390	0	0	0	70	0	56
ASV_391	0	0	0	74	22	29
ASV_392	0	0	0	74	0	51
ASV_393	0	0	0	39	29	57
ASV_394	61	0	63	0	0	0
ASV_395	37	38	49	0	0	0
ASV_396	0	42	82	0	0	0
ASV_397	42	34	47	0	0	0
ASV_398	34	45	44	0	0	0
ASV_399	33	43	47	0	0	0
ASV_400	0	0	0	58	30	35
ASV_401	36	52	34	0	0	0
ASV_402	35	36	51	0	0	0
ASV_403	0	79	43	0	0	0
ASV_404	0	0	0	54	36	32
ASV_405	0	0	0	0	44	78
ASV_406	39	24	58	0	0	0
ASV_407	38	38	45	0	0	0
ASV_408	43	37	39	0	0	0
ASV_409	7	0	0	50	30	32
ASV_410	0	0	0	60	24	35
ASV_411	0	0	0	57	0	62
ASV_412	39	38	41	0	0	0
ASV_413	0	0	0	70	0	48
ASV_414	0	0	0	55	30	33
ASV_415	0	0	0	41	32	45
ASV_416	38	41	38	0	0	0
ASV_417	0	0	0	51	24	42
ASV_418	58	0	58	0	0	0
ASV_419	38	43	35	0	0	0
ASV_420	35	29	52	0	0	0
ASV_421	0	0	0	40	38	38
ASV_422	32	36	38	0	0	9
ASV_423	55	22	37	0	0	0
ASV_424	32	41	41	0	0	0
ASV_425	38	0	45	30	0	0
ASV_426	0	0	0	70	0	43
ASV_427	62	0	50	0	0	0
ASV_428	0	0	0	73	31	8
ASV_429	59	0	52	0	0	0
ASV_430	55	0	56	0	0	0
ASV_431	39	0	72	0	0	0
ASV_432	0	71	40	0	0	0
ASV_433	0	0	0	41	22	48
ASV_434	0	0	0	31	28	52
ASV_435	0	0	0	26	46	39
ASV_436	31	35	44	0	0	0
ASV_437	15	0	30	19	16	30
ASV_438	0	0	0	51	23	36
ASV_439	0	0	0	49	0	60
ASV_440	0	0	0	27	13	69
ASV_441	55	0	53	0	0	0
ASV_442	46	32	30	0	0	0
ASV_443	29	41	38	0	0	0
ASV_444	0	0	108	0	0	0
ASV_445	0	0	0	53	22	33
ASV_446	0	0	0	53	0	55
ASV_447	0	0	0	48	28	32
ASV_448	0	0	0	43	35	30
ASV_449	41	25	41	0	0	0
ASV_450	0	80	27	0	0	0
ASV_451	0	0	0	56	0	51
ASV_452	44	31	31	0	0	0
ASV_453	32	36	38	0	0	0
ASV_454	0	0	0	42	31	33
ASV_455	56	0	49	0	0	0
ASV_456	50	0	55	0	0	0
ASV_457	37	28	40	0	0	0
ASV_458	36	31	38	0	0	0
ASV_459	11	0	0	32	21	40
ASV_460	0	0	0	56	12	36
ASV_461	0	0	0	39	32	33
ASV_462	66	0	37	0	0	0
ASV_463	48	55	0	0	0	0
ASV_464	0	0	0	45	19	39
ASV_465	0	0	0	45	23	35
ASV_466	0	0	0	43	60	0
ASV_467	63	0	39	0	0	0
ASV_468	47	0	55	0	0	0
ASV_469	20	30	51	0	0	0
ASV_470	0	101	0	0	0	0
ASV_471	0	0	101	0	0	0
ASV_472	0	0	0	44	22	35
ASV_473	0	0	0	41	25	35
ASV_474	0	0	0	41	24	35
ASV_475	34	37	28	0	0	0
ASV_476	33	27	39	0	0	0
ASV_477	28	36	35	0	0	0
ASV_478	0	0	0	63	19	17
ASV_479	0	0	0	55	44	0
ASV_480	33	32	33	0	0	0
ASV_481	25	35	38	0	0	0
ASV_482	0	0	0	40	0	58
ASV_483	0	0	0	26	24	48
ASV_484	0	0	0	24	46	28
ASV_485	0	0	0	43	25	29
ASV_486	42	0	54	0	0	0
ASV_487	31	32	33	0	0	0
ASV_488	0	32	64	0	0	0
ASV_489	0	0	0	59	20	17
ASV_490	0	0	0	45	16	35
ASV_491	0	0	0	40	16	40
ASV_492	0	0	0	35	24	37
ASV_493	30	32	33	0	0	0
ASV_494	0	0	0	95	0	0
ASV_495	0	0	0	59	0	36
ASV_496	0	0	0	41	21	33
ASV_497	0	0	0	39	24	32
ASV_498	0	0	0	38	20	37
ASV_499	0	0	0	32	39	24
ASV_500	49	45	0	0	0	0
ASV_501	36	26	32	0	0	0
ASV_502	28	32	34	0	0	0
ASV_503	0	94	0	0	0	0
ASV_504	0	41	53	0	0	0
ASV_505	0	0	0	53	0	41
ASV_506	0	0	0	40	18	36
ASV_507	29	32	32	0	0	0
ASV_508	0	0	0	60	0	33
ASV_509	0	0	0	51	0	42
ASV_510	0	0	0	49	0	44
ASV_511	0	0	0	44	27	22
ASV_512	42	26	24	0	0	0
ASV_513	0	0	0	92	0	0
ASV_514	0	0	0	49	22	21
ASV_515	0	0	0	43	49	0
ASV_516	0	0	0	42	20	30
ASV_517	34	21	36	0	0	0
ASV_518	20	20	17	0	0	34
ASV_519	0	0	0	38	26	27
ASV_520	51	39	0	0	0	0
ASV_521	24	0	27	20	0	19
ASV_522	0	0	0	87	3	0
ASV_523	0	0	0	51	0	39
ASV_524	0	0	0	50	11	29
ASV_525	0	0	0	40	24	26
ASV_526	0	14	27	36	0	12
ASV_527	0	0	0	89	0	0
ASV_528	0	0	0	54	0	35
ASV_529	0	0	0	37	22	30
ASV_530	0	0	0	35	21	33
ASV_531	32	21	35	0	0	0
ASV_532	30	22	36	0	0	0
ASV_533	22	33	33	0	0	0
ASV_534	0	0	0	40	0	48
ASV_535	0	0	0	36	31	21
ASV_536	31	29	27	0	0	0
ASV_537	26	21	40	0	0	0
ASV_538	0	0	0	58	0	29
ASV_539	0	0	0	26	29	32
ASV_540	86	0	0	0	0	0
ASV_541	26	35	25	0	0	0
ASV_542	0	39	47	0	0	0
ASV_543	0	0	0	49	0	37
ASV_544	47	0	38	0	0	0
ASV_545	27	22	36	0	0	0
ASV_546	25	24	36	0	0	0
ASV_547	25	31	29	0	0	0
ASV_548	0	0	0	47	0	38
ASV_549	28	26	30	0	0	0
ASV_550	0	43	41	0	0	0
ASV_551	0	0	84	0	0	0
ASV_552	0	0	84	0	0	0
ASV_553	0	0	0	48	36	0
ASV_554	20	31	32	0	0	0
ASV_555	0	43	40	0	0	0
ASV_556	0	0	0	83	0	0
ASV_557	0	0	0	54	0	29
ASV_558	0	0	0	44	0	39
ASV_559	0	0	0	25	29	29
ASV_560	0	31	51	0	0	0
ASV_561	0	0	0	82	0	0
ASV_562	0	0	0	0	51	31
ASV_563	53	0	28	0	0	0
ASV_564	39	42	0	0	0	0
ASV_565	35	27	19	0	0	0
ASV_566	34	0	47	0	0	0
ASV_567	33	21	27	0	0	0
ASV_568	0	0	0	51	0	30
ASV_569	0	0	0	48	0	33
ASV_570	37	17	26	0	0	0
ASV_571	30	26	24	0	0	0
ASV_572	0	31	49	0	0	0
ASV_573	0	24	56	0	0	0
ASV_574	0	0	80	0	0	0
ASV_575	0	0	0	22	21	37
ASV_576	34	26	19	0	0	0
ASV_577	23	30	26	0	0	0
ASV_578	12	0	22	25	0	20
ASV_579	0	0	79	0	0	0
ASV_580	0	0	0	79	0	0
ASV_581	0	0	0	61	0	18
ASV_582	0	0	0	44	0	35
ASV_583	0	0	0	42	0	37
ASV_584	0	0	0	31	0	48
ASV_585	0	0	0	25	23	31
ASV_586	0	0	0	0	33	46
ASV_587	0	0	0	0	0	79
ASV_588	33	20	0	0	0	25
ASV_589	0	78	0	0	0	0
ASV_590	0	0	0	78	0	0
ASV_591	0	0	0	61	17	0
ASV_592	0	0	0	43	0	35
ASV_593	0	0	0	33	20	25
ASV_594	11	8	0	28	18	12
ASV_595	0	0	77	0	0	0
ASV_596	0	0	0	45	0	32
ASV_597	0	0	0	44	0	33
ASV_598	0	0	0	29	26	22
ASV_599	33	17	26	0	0	0
ASV_600	28	20	28	0	0	0
ASV_601	0	76	0	0	0	0
ASV_602	0	0	6	43	0	27
ASV_603	0	0	0	76	0	0
ASV_604	0	0	0	51	0	25
ASV_605	0	0	0	50	0	26
ASV_606	0	0	0	27	21	28
ASV_607	0	0	0	27	18	31
ASV_608	32	18	25	0	0	0
ASV_609	28	23	24	0	0	0
ASV_610	24	24	27	0	0	0
ASV_611	0	0	0	39	0	36
ASV_612	0	0	0	38	0	37
ASV_613	0	0	0	15	40	20
ASV_614	0	0	0	0	75	0
ASV_615	74	0	0	0	0	0
ASV_616	27	20	27	0	0	0
ASV_617	16	30	28	0	0	0
ASV_618	0	37	37	0	0	0
ASV_619	0	35	39	0	0	0
ASV_620	0	0	0	36	0	38
ASV_621	0	0	0	22	24	28
ASV_622	73	0	0	0	0	0
ASV_623	43	0	30	0	0	0
ASV_624	0	0	0	40	0	33
ASV_625	0	0	0	39	0	34
ASV_626	0	35	37	0	0	0
ASV_627	0	0	0	72	0	0
ASV_628	0	0	0	47	0	25
ASV_629	0	0	0	20	23	29
ASV_630	71	0	0	0	0	0
ASV_631	43	0	28	0	0	0
ASV_632	30	17	24	0	0	0
ASV_633	12	30	29	0	0	0
ASV_634	0	0	0	71	0	0
ASV_635	0	0	0	35	12	24
ASV_636	0	0	0	32	16	23
ASV_637	0	0	0	30	41	0
ASV_638	25	17	28	0	0	0
ASV_639	24	0	46	0	0	0
ASV_640	0	0	0	70	0	0
ASV_641	0	0	0	70	0	0
ASV_642	0	0	0	49	0	21
ASV_643	0	0	0	38	13	19
ASV_644	0	0	0	36	34	0
ASV_645	0	0	0	35	17	18
ASV_646	0	0	0	34	21	15
ASV_647	0	0	0	34	13	23
ASV_648	0	0	0	34	36	0
ASV_649	0	0	0	27	24	19
ASV_650	0	0	0	19	23	28
ASV_651	40	29	0	0	0	0
ASV_652	39	30	0	0	0	0
ASV_653	25	0	44	0	0	0
ASV_654	0	0	0	69	0	0
ASV_655	0	0	0	69	0	0
ASV_656	0	0	0	69	0	0
ASV_657	0	0	0	69	0	0
ASV_658	0	0	0	53	0	16
ASV_659	0	0	0	43	26	0
ASV_660	0	0	0	39	0	30
ASV_661	0	0	0	35	20	14
ASV_662	0	0	0	33	0	36
ASV_663	0	0	0	0	43	26
ASV_664	0	0	0	0	23	46
ASV_665	68	0	0	0	0	0
ASV_666	34	0	26	0	8	0
ASV_667	26	19	23	0	0	0
ASV_668	0	33	35	0	0	0
ASV_669	0	29	39	0	0	0
ASV_670	0	13	0	37	0	18
ASV_671	0	0	0	68	0	0
ASV_672	0	0	0	38	0	30
ASV_673	0	0	0	24	26	18
ASV_674	0	0	0	0	42	26
ASV_675	0	0	0	0	0	68
ASV_676	45	0	22	0	0	0
ASV_677	36	0	31	0	0	0
ASV_678	0	0	67	0	0	0
ASV_679	0	0	0	49	0	18
ASV_680	0	0	0	44	0	23
ASV_681	0	0	0	28	39	0
ASV_682	0	0	0	24	12	31
ASV_683	66	0	0	0	0	0
ASV_684	66	0	0	0	0	0
ASV_685	35	0	31	0	0	0
ASV_686	35	31	0	0	0	0
ASV_687	9	0	0	37	0	20
ASV_688	0	0	0	66	0	0
ASV_689	0	0	0	66	0	0
ASV_690	0	0	0	66	0	0
ASV_691	0	0	0	43	23	0
ASV_692	0	0	0	34	12	20
ASV_693	0	0	0	25	15	26
ASV_694	0	0	0	22	0	44
ASV_695	24	19	22	0	0	0
ASV_696	15	0	0	24	0	26
ASV_697	34	15	15	0	0	0
ASV_698	29	21	14	0	0	0
ASV_699	26	17	21	0	0	0
ASV_700	0	32	32	0	0	0
ASV_701	0	25	39	0	0	0
ASV_702	0	0	64	0	0	0
ASV_703	0	0	0	43	21	0
ASV_704	0	0	0	36	0	28
ASV_705	0	0	0	32	0	32
ASV_706	0	0	0	29	18	17
ASV_707	0	0	0	28	16	20
ASV_708	0	0	0	22	0	42
ASV_709	0	0	0	0	39	25
ASV_710	0	0	0	0	0	64
ASV_711	41	0	22	0	0	0
ASV_712	30	0	33	0	0	0
ASV_713	0	0	0	63	0	0
ASV_714	0	0	0	40	23	0
ASV_715	0	0	0	29	0	34
ASV_716	0	0	0	0	25	38
ASV_717	37	25	0	0	0	0
ASV_718	25	0	37	0	0	0
ASV_719	21	19	22	0	0	0
ASV_720	0	0	0	44	0	18
ASV_721	0	0	0	33	16	13
ASV_722	0	0	0	22	22	18
ASV_723	0	0	0	18	18	26
ASV_724	34	0	27	0	0	0
ASV_725	20	17	24	0	0	0
ASV_726	0	0	61	0	0	0
ASV_727	0	0	0	61	0	0
ASV_728	0	0	0	41	20	0
ASV_729	0	0	0	0	31	30
ASV_730	0	0	0	60	0	0
ASV_731	0	0	0	0	0	60
ASV_732	35	0	0	24	0	0
ASV_733	24	35	0	0	0	0
ASV_734	21	14	24	0	0	0
ASV_735	15	18	26	0	0	0
ASV_736	0	59	0	0	0	0
ASV_737	0	0	0	59	0	0
ASV_738	0	0	0	42	0	17
ASV_739	0	0	0	39	20	0
ASV_740	0	0	0	34	12	13
ASV_741	0	0	0	0	17	42
ASV_742	0	0	0	0	0	59
ASV_743	58	0	0	0	0	0
ASV_744	58	0	0	0	0	0
ASV_745	27	0	31	0	0	0
ASV_746	0	33	25	0	0	0
ASV_747	0	0	58	0	0	0
ASV_748	0	0	58	0	0	0
ASV_749	0	0	0	58	0	0
ASV_750	0	0	0	58	0	0
ASV_751	0	0	0	47	11	0
ASV_752	0	0	0	31	0	27
ASV_753	0	0	0	24	14	20
ASV_754	0	0	0	23	0	35
ASV_755	0	0	0	0	27	31
ASV_756	0	0	0	0	0	58
ASV_757	0	0	0	0	0	58
ASV_758	0	0	0	0	0	58
ASV_759	22	24	11	0	0	0
ASV_760	13	28	16	0	0	0
ASV_761	0	26	31	0	0	0
ASV_762	0	25	32	0	0	0
ASV_763	0	0	0	57	0	0
ASV_764	0	0	0	28	0	29
ASV_765	39	0	17	0	0	0
ASV_766	0	0	0	56	0	0
ASV_767	0	0	0	31	0	25
ASV_768	0	0	0	29	0	27
ASV_769	0	0	0	23	15	18
ASV_770	0	0	0	0	0	56
ASV_771	28	0	27	0	0	0
ASV_772	25	30	0	0	0	0
ASV_773	18	25	12	0	0	0
ASV_774	0	0	0	44	0	11
ASV_775	0	0	0	33	0	22
ASV_776	0	0	0	25	9	21
ASV_777	0	0	0	23	0	32
ASV_778	54	0	0	0	0	0
ASV_779	35	0	19	0	0	0
ASV_780	23	0	31	0	0	0
ASV_781	0	10	16	12	0	16
ASV_782	0	0	0	35	19	0
ASV_783	0	0	0	34	0	20
ASV_784	0	0	0	24	0	30
ASV_785	0	0	0	0	0	54
ASV_786	53	0	0	0	0	0
ASV_787	27	0	26	0	0	0
ASV_788	19	0	0	18	16	0
ASV_789	13	16	24	0	0	0
ASV_790	6	13	12	22	0	0
ASV_791	0	0	53	0	0	0
ASV_792	0	0	0	33	0	20
ASV_793	0	0	0	30	0	23
ASV_794	0	0	0	29	0	24
ASV_795	0	0	0	29	24	0
ASV_796	0	0	0	27	0	26
ASV_797	19	15	18	0	0	0
ASV_798	0	52	0	0	0	0
ASV_799	0	28	24	0	0	0
ASV_800	0	0	0	52	0	0
ASV_801	0	0	0	52	0	0
ASV_802	0	0	0	32	7	13
ASV_803	0	0	0	28	24	0
ASV_804	0	0	0	27	0	25
ASV_805	0	0	0	21	13	18
ASV_806	0	0	0	0	52	0
ASV_807	51	0	0	0	0	0
ASV_808	51	0	0	0	0	0
ASV_809	23	0	28	0	0	0
ASV_810	14	20	17	0	0	0
ASV_811	0	51	0	0	0	0
ASV_812	0	0	0	51	0	0
ASV_813	0	0	0	51	0	0
ASV_814	0	0	0	51	0	0
ASV_815	0	0	0	33	0	18
ASV_816	0	0	0	29	0	22
ASV_817	0	0	0	27	11	13
ASV_818	0	0	0	16	12	23
ASV_819	26	0	24	0	0	0
ASV_820	13	10	27	0	0	0
ASV_821	11	16	23	0	0	0
ASV_822	0	0	0	50	0	0
ASV_823	0	0	0	33	0	17
ASV_824	0	0	0	31	0	19
ASV_825	0	0	0	29	6	15
ASV_826	0	0	0	25	0	25
ASV_827	0	0	0	24	9	17
ASV_828	0	0	0	23	0	27
ASV_829	0	0	0	22	19	9
ASV_830	0	0	0	0	26	24
ASV_831	0	49	0	0	0	0
ASV_832	0	26	23	0	0	0
ASV_833	0	0	49	0	0	0
ASV_834	0	0	0	49	0	0
ASV_835	0	0	0	49	0	0
ASV_836	0	0	0	49	0	0
ASV_837	0	0	0	49	0	0
ASV_838	0	0	0	32	0	17
ASV_839	0	0	0	32	0	17
ASV_840	0	0	0	25	0	24
ASV_841	0	0	0	22	10	17
ASV_842	0	0	0	11	13	25
ASV_843	0	0	0	0	49	0
ASV_844	23	24	1	0	0	0
ASV_845	18	10	20	0	0	0
ASV_846	15	20	13	0	0	0
ASV_847	0	0	22	26	0	0
ASV_848	0	0	0	48	0	0
ASV_849	0	0	0	35	0	13
ASV_850	0	0	0	26	0	22
ASV_851	0	0	0	25	9	14
ASV_852	0	0	0	25	11	12
ASV_853	0	0	0	16	21	11
ASV_854	0	0	0	0	0	48
ASV_855	23	24	0	0	0	0
ASV_856	18	16	13	0	0	0
ASV_857	0	18	29	0	0	0
ASV_858	0	0	0	47	0	0
ASV_859	0	0	0	47	0	0
ASV_860	0	0	0	32	0	15
ASV_861	0	0	0	26	0	21
ASV_862	0	0	0	25	0	22
ASV_863	46	0	0	0	0	0
ASV_864	25	0	21	0	0	0
ASV_865	24	0	22	0	0	0
ASV_866	23	0	23	0	0	0
ASV_867	22	0	24	0	0	0
ASV_868	0	21	25	0	0	0
ASV_869	0	0	46	0	0	0
ASV_870	0	0	46	0	0	0
ASV_871	0	0	0	46	0	0
ASV_872	0	0	0	46	0	0
ASV_873	0	0	0	29	17	0
ASV_874	0	0	0	26	0	20
ASV_875	0	0	0	25	0	21
ASV_876	0	0	0	23	0	23
ASV_877	0	0	0	0	46	0
ASV_878	0	0	0	0	0	46
ASV_879	0	0	0	0	0	46
ASV_880	45	0	0	0	0	0
ASV_881	38	0	7	0	0	0
ASV_882	22	23	0	0	0	0
ASV_883	19	26	0	0	0	0
ASV_884	0	0	45	0	0	0
ASV_885	0	0	45	0	0	0
ASV_886	0	0	0	45	0	0
ASV_887	0	0	0	45	0	0
ASV_888	0	0	0	45	0	0
ASV_889	0	0	0	45	0	0
ASV_890	0	0	0	45	0	0
ASV_891	0	0	0	30	0	15
ASV_892	0	0	0	26	11	8
ASV_893	0	0	0	25	0	20
ASV_894	0	0	0	24	8	13
ASV_895	0	0	0	23	0	22
ASV_896	0	0	0	22	0	23
ASV_897	0	0	0	18	0	27
ASV_898	0	0	0	0	45	0
ASV_899	0	0	0	0	0	45
ASV_900	44	0	0	0	0	0
ASV_901	0	15	29	0	0	0
ASV_902	0	0	0	44	0	0
ASV_903	0	0	0	26	0	18
ASV_904	0	0	0	20	0	24
ASV_905	0	0	0	0	44	0
ASV_906	0	0	0	0	23	21
ASV_907	0	0	0	0	0	44
ASV_908	43	0	0	0	0	0
ASV_909	43	0	0	0	0	0
ASV_910	43	0	0	0	0	0
ASV_911	22	0	21	0	0	0
ASV_912	11	8	24	0	0	0
ASV_913	0	43	0	0	0	0
ASV_914	0	0	43	0	0	0
ASV_915	0	0	0	43	0	0
ASV_916	0	0	0	30	0	13
ASV_917	0	0	0	25	18	0
ASV_918	0	0	0	24	0	19
ASV_919	0	0	0	22	21	0
ASV_920	0	0	0	20	9	14
ASV_921	0	0	0	14	15	14
ASV_922	0	0	0	0	43	0
ASV_923	42	0	0	0	0	0
ASV_924	10	13	19	0	0	0
ASV_925	0	12	30	0	0	0
ASV_926	0	0	42	0	0	0
ASV_927	0	0	0	42	0	0
ASV_928	0	0	0	42	0	0
ASV_929	0	0	0	42	0	0
ASV_930	0	0	0	42	0	0
ASV_931	0	0	0	42	0	0
ASV_932	0	0	0	42	0	0
ASV_933	0	0	0	26	5	11
ASV_934	0	0	0	19	0	23
ASV_935	0	0	0	10	14	18
ASV_936	0	0	0	0	42	0
ASV_937	0	0	0	0	42	0
ASV_938	0	0	0	0	24	18
ASV_939	0	0	0	0	21	21
ASV_940	26	0	15	0	0	0
ASV_941	19	0	0	22	0	0
ASV_942	17	0	24	0	0	0
ASV_943	0	20	21	0	0	0
ASV_944	0	19	22	0	0	0
ASV_945	0	11	0	12	7	11
ASV_946	0	7	0	14	10	10
ASV_947	0	0	41	0	0	0
ASV_948	0	0	0	41	0	0
ASV_949	0	0	0	41	0	0
ASV_950	0	0	0	41	0	0
ASV_951	0	0	0	41	0	0
ASV_952	0	0	0	41	0	0
ASV_953	0	0	0	41	0	0
ASV_954	0	0	0	41	0	0
ASV_955	0	0	0	27	0	14
ASV_956	0	0	0	0	25	16
ASV_957	40	0	0	0	0	0
ASV_958	24	16	0	0	0	0
ASV_959	19	21	0	0	0	0
ASV_960	16	0	24	0	0	0
ASV_961	0	28	12	0	0	0
ASV_962	0	0	40	0	0	0
ASV_963	0	0	0	40	0	0
ASV_964	0	0	0	40	0	0
ASV_965	0	0	0	40	0	0
ASV_966	0	0	0	26	14	0
ASV_967	0	0	0	26	0	14
ASV_968	0	0	0	25	0	15
ASV_969	0	0	0	24	0	16
ASV_970	0	0	0	15	0	25
ASV_971	0	0	0	14	0	26
ASV_972	0	0	0	0	40	0
ASV_973	0	0	0	0	40	0
ASV_974	0	0	0	0	40	0
ASV_975	0	0	0	0	40	0
ASV_976	0	0	0	0	15	25
ASV_977	0	0	0	0	12	28
ASV_978	0	0	0	0	0	40
ASV_979	18	0	21	0	0	0
ASV_980	14	6	17	0	2	0
ASV_981	11	13	15	0	0	0
ASV_982	0	12	27	0	0	0
ASV_983	0	0	39	0	0	0
ASV_984	0	0	39	0	0	0
ASV_985	0	0	0	39	0	0
ASV_986	0	0	0	39	0	0
ASV_987	0	0	0	39	0	0
ASV_988	0	0	0	39	0	0
ASV_989	0	0	0	39	0	0
ASV_990	0	0	0	16	0	23
ASV_991	38	0	0	0	0	0
ASV_992	38	0	0	0	0	0
ASV_993	23	15	0	0	0	0
ASV_994	21	0	17	0	0	0
ASV_995	14	0	24	0	0	0
ASV_996	11	17	10	0	0	0
ASV_997	0	0	0	38	0	0
ASV_998	0	0	0	38	0	0
ASV_999	0	0	0	38	0	0
ASV_1000	0	0	0	38	0	0
ASV_1001	0	0	0	38	0	0
ASV_1002	0	0	0	38	0	0
ASV_1003	0	0	0	20	0	18
ASV_1004	0	0	0	0	0	38
ASV_1005	0	0	0	0	0	38
ASV_1006	0	0	37	0	0	0
ASV_1007	0	0	0	37	0	0
ASV_1008	0	0	0	37	0	0
ASV_1009	0	0	0	37	0	0
ASV_1010	0	0	0	37	0	0
ASV_1011	0	0	0	37	0	0
ASV_1012	0	0	0	29	0	8
ASV_1013	0	0	0	28	0	9
ASV_1014	0	0	0	21	8	8
ASV_1015	0	0	0	19	0	18
ASV_1016	0	0	0	12	6	19
ASV_1017	0	0	0	0	0	37
ASV_1018	0	0	0	0	0	37
ASV_1019	36	0	0	0	0	0
ASV_1020	23	13	0	0	0	0
ASV_1021	11	14	11	0	0	0
ASV_1022	10	11	15	0	0	0
ASV_1023	0	36	0	0	0	0
ASV_1024	0	0	36	0	0	0
ASV_1025	0	0	36	0	0	0
ASV_1026	0	0	0	36	0	0
ASV_1027	0	0	0	36	0	0
ASV_1028	0	0	0	36	0	0
ASV_1029	0	0	0	36	0	0
ASV_1030	0	0	0	36	0	0
ASV_1031	0	0	0	22	0	14
ASV_1032	0	0	0	17	19	0
ASV_1033	0	0	0	17	6	13
ASV_1034	0	0	0	16	7	13
ASV_1035	0	0	0	15	12	9
ASV_1036	0	0	0	0	36	0
ASV_1037	0	0	0	0	0	36
ASV_1038	35	0	0	0	0	0
ASV_1039	35	0	0	0	0	0
ASV_1040	20	0	15	0	0	0
ASV_1041	0	0	35	0	0	0
ASV_1042	0	0	0	35	0	0
ASV_1043	0	0	0	35	0	0
ASV_1044	0	0	0	35	0	0
ASV_1045	0	0	0	35	0	0
ASV_1046	0	0	0	35	0	0
ASV_1047	0	0	0	35	0	0
ASV_1048	0	0	0	35	0	0
ASV_1049	0	0	0	23	12	0
ASV_1050	0	0	0	21	0	14
ASV_1051	0	0	0	19	0	16
ASV_1052	0	0	0	0	35	0
ASV_1053	0	0	34	0	0	0
ASV_1054	0	0	0	34	0	0
ASV_1055	0	0	0	34	0	0
ASV_1056	0	0	0	27	7	0
ASV_1057	0	0	0	24	0	10
ASV_1058	0	0	0	19	7	8
ASV_1059	0	0	0	0	0	34
ASV_1060	0	0	0	0	0	34
ASV_1061	33	0	0	0	0	0
ASV_1062	13	0	20	0	0	0
ASV_1063	0	33	0	0	0	0
ASV_1064	0	0	33	0	0	0
ASV_1065	0	0	0	33	0	0
ASV_1066	0	0	0	33	0	0
ASV_1067	0	0	0	33	0	0
ASV_1068	0	0	0	33	0	0
ASV_1069	0	0	0	33	0	0
ASV_1070	0	0	0	24	0	9
ASV_1071	0	0	0	21	0	12
ASV_1072	0	0	0	19	14	0
ASV_1073	0	0	0	16	7	10
ASV_1074	0	0	0	12	0	21
ASV_1075	0	0	0	0	33	0
ASV_1076	0	0	0	0	33	0
ASV_1077	0	0	0	0	33	0
ASV_1078	0	0	0	0	33	0
ASV_1079	0	0	0	0	16	17
ASV_1080	0	0	0	0	0	33
ASV_1081	0	0	0	0	0	33
ASV_1082	32	0	0	0	0	0
ASV_1083	0	32	0	0	0	0
ASV_1084	0	0	32	0	0	0
ASV_1085	0	0	32	0	0	0
ASV_1086	0	0	0	32	0	0
ASV_1087	0	0	0	32	0	0
ASV_1088	0	0	0	32	0	0
ASV_1089	0	0	0	32	0	0
ASV_1090	0	0	0	32	0	0
ASV_1091	0	0	0	32	0	0
ASV_1092	0	0	0	21	0	11
ASV_1093	0	0	0	19	13	0
ASV_1094	0	0	0	18	0	14
ASV_1095	0	0	0	16	0	16
ASV_1096	0	0	0	0	32	0
ASV_1097	0	0	0	0	32	0
ASV_1098	0	0	0	0	18	14
ASV_1099	0	0	0	0	14	18
ASV_1100	0	0	0	0	0	32
ASV_1101	0	0	0	0	0	32
ASV_1102	0	0	0	0	0	32
ASV_1103	31	0	0	0	0	0
ASV_1104	31	0	0	0	0	0
ASV_1105	19	0	12	0	0	0
ASV_1106	0	31	0	0	0	0
ASV_1107	0	31	0	0	0	0
ASV_1108	0	0	31	0	0	0
ASV_1109	0	0	0	31	0	0
ASV_1110	0	0	0	31	0	0
ASV_1111	0	0	0	31	0	0
ASV_1112	0	0	0	31	0	0
ASV_1113	0	0	0	31	0	0
ASV_1114	0	0	0	31	0	0
ASV_1115	0	0	0	31	0	0
ASV_1116	0	0	0	22	0	9
ASV_1117	0	0	0	22	0	9
ASV_1118	0	0	0	20	11	0
ASV_1119	0	0	0	20	11	0
ASV_1120	0	0	0	19	0	12
ASV_1121	0	0	0	19	0	12
ASV_1122	0	0	0	16	15	0
ASV_1123	0	0	0	14	0	17
ASV_1124	0	0	0	0	31	0
ASV_1125	0	0	0	0	16	15
ASV_1126	30	0	0	0	0	0
ASV_1127	19	11	0	0	0	0
ASV_1128	14	16	0	0	0	0
ASV_1129	0	30	0	0	0	0
ASV_1130	0	15	15	0	0	0
ASV_1131	0	8	10	0	0	12
ASV_1132	0	0	30	0	0	0
ASV_1133	0	0	30	0	0	0
ASV_1134	0	0	30	0	0	0
ASV_1135	0	0	0	30	0	0
ASV_1136	0	0	0	30	0	0
ASV_1137	0	0	0	30	0	0
ASV_1138	0	0	0	30	0	0
ASV_1139	0	0	0	19	0	11
ASV_1140	0	0	0	16	0	14
ASV_1141	0	0	0	15	0	15
ASV_1142	0	0	0	15	6	9
ASV_1143	0	0	0	0	30	0
ASV_1144	0	0	0	0	0	30
ASV_1145	10	7	12	0	0	0
ASV_1146	9	10	10	0	0	0
ASV_1147	0	29	0	0	0	0
ASV_1148	0	29	0	0	0	0
ASV_1149	0	29	0	0	0	0
ASV_1150	0	0	29	0	0	0
ASV_1151	0	0	29	0	0	0
ASV_1152	0	0	29	0	0	0
ASV_1153	0	0	29	0	0	0
ASV_1154	0	0	0	29	0	0
ASV_1155	0	0	0	29	0	0
ASV_1156	0	0	0	29	0	0
ASV_1157	0	0	0	29	0	0
ASV_1158	0	0	0	29	0	0
ASV_1159	0	0	0	29	0	0
ASV_1160	0	0	0	29	0	0
ASV_1161	0	0	0	29	0	0
ASV_1162	0	0	0	22	7	0
ASV_1163	0	0	0	15	0	14
ASV_1164	0	0	0	12	0	17
ASV_1165	0	0	0	12	0	17
ASV_1166	0	0	0	10	0	19
ASV_1167	0	0	0	0	29	0
ASV_1168	0	0	0	0	29	0
ASV_1169	0	0	0	0	0	29
ASV_1170	0	0	0	0	0	29
ASV_1171	0	0	0	0	0	29
ASV_1172	0	0	0	0	0	29
ASV_1173	0	0	0	0	0	29
ASV_1174	28	0	0	0	0	0
ASV_1175	28	0	0	0	0	0
ASV_1176	28	0	0	0	0	0
ASV_1177	9	0	19	0	0	0
ASV_1178	0	19	9	0	0	0
ASV_1179	0	13	15	0	0	0
ASV_1180	0	0	28	0	0	0
ASV_1181	0	0	0	28	0	0
ASV_1182	0	0	0	28	0	0
ASV_1183	0	0	0	28	0	0
ASV_1184	0	0	0	28	0	0
ASV_1185	0	0	0	28	0	0
ASV_1186	0	0	0	16	12	0
ASV_1187	0	0	0	13	0	15
ASV_1188	0	0	0	0	28	0
ASV_1189	0	0	0	0	0	28
ASV_1190	27	0	0	0	0	0
ASV_1191	27	0	0	0	0	0
ASV_1192	27	0	0	0	0	0
ASV_1193	14	0	13	0	0	0
ASV_1194	0	12	15	0	0	0
ASV_1195	0	0	27	0	0	0
ASV_1196	0	0	27	0	0	0
ASV_1197	0	0	27	0	0	0
ASV_1198	0	0	0	27	0	0
ASV_1199	0	0	0	27	0	0
ASV_1200	0	0	0	27	0	0
ASV_1201	0	0	0	27	0	0
ASV_1202	0	0	0	27	0	0
ASV_1203	0	0	0	27	0	0
ASV_1204	0	0	0	27	0	0
ASV_1205	0	0	0	27	0	0
ASV_1206	0	0	0	27	0	0
ASV_1207	0	0	0	27	0	0
ASV_1208	0	0	0	27	0	0
ASV_1209	0	0	0	18	9	0
ASV_1210	0	0	0	17	0	10
ASV_1211	0	0	0	13	0	14
ASV_1212	0	0	0	13	0	14
ASV_1213	0	0	0	13	0	14
ASV_1214	0	0	0	11	0	16
ASV_1215	0	0	0	11	0	16
ASV_1216	0	0	0	9	6	12
ASV_1217	0	0	0	0	13	14
ASV_1218	0	0	0	0	0	27
ASV_1219	0	0	0	0	0	27
ASV_1220	0	0	0	0	0	27
ASV_1221	26	0	0	0	0	0
ASV_1222	26	0	0	0	0	0
ASV_1223	13	0	13	0	0	0
ASV_1224	8	10	4	4	0	0
ASV_1225	0	26	0	0	0	0
ASV_1226	0	0	26	0	0	0
ASV_1227	0	0	26	0	0	0
ASV_1228	0	0	0	26	0	0
ASV_1229	0	0	0	26	0	0
ASV_1230	0	0	0	26	0	0
ASV_1231	0	0	0	26	0	0
ASV_1232	0	0	0	26	0	0
ASV_1233	0	0	0	26	0	0
ASV_1234	0	0	0	26	0	0
ASV_1235	0	0	0	26	0	0
ASV_1236	0	0	0	26	0	0
ASV_1237	0	0	0	17	0	9
ASV_1238	0	0	0	15	0	11
ASV_1239	0	0	0	0	26	0
ASV_1240	0	0	0	0	0	26
ASV_1241	0	0	0	0	0	26
ASV_1242	0	0	0	0	0	26
ASV_1243	0	0	0	0	0	26
ASV_1244	0	0	0	0	0	26
ASV_1245	0	0	0	0	0	26
ASV_1246	0	0	0	0	0	26
ASV_1247	0	0	0	0	0	26
ASV_1248	25	0	0	0	0	0
ASV_1249	25	0	0	0	0	0
ASV_1250	25	0	0	0	0	0
ASV_1251	23	2	0	0	0	0
ASV_1252	17	0	8	0	0	0
ASV_1253	0	25	0	0	0	0
ASV_1254	0	13	12	0	0	0
ASV_1255	0	0	25	0	0	0
ASV_1256	0	0	25	0	0	0
ASV_1257	0	0	25	0	0	0
ASV_1258	0	0	25	0	0	0
ASV_1259	0	0	0	25	0	0
ASV_1260	0	0	0	25	0	0
ASV_1261	0	0	0	25	0	0
ASV_1262	0	0	0	25	0	0
ASV_1263	0	0	0	25	0	0
ASV_1264	0	0	0	25	0	0
ASV_1265	0	0	0	25	0	0
ASV_1266	0	0	0	25	0	0
ASV_1267	0	0	0	25	0	0
ASV_1268	0	0	0	25	0	0
ASV_1269	0	0	0	17	0	8
ASV_1270	0	0	0	17	0	8
ASV_1271	0	0	0	16	0	9
ASV_1272	0	0	0	13	6	6
ASV_1273	0	0	0	0	0	25
ASV_1274	24	0	0	0	0	0
ASV_1275	24	0	0	0	0	0
ASV_1276	12	0	12	0	0	0
ASV_1277	7	10	7	0	0	0
ASV_1278	0	24	0	0	0	0
ASV_1279	0	24	0	0	0	0
ASV_1280	0	0	24	0	0	0
ASV_1281	0	0	0	24	0	0
ASV_1282	0	0	0	24	0	0
ASV_1283	0	0	0	24	0	0
ASV_1284	0	0	0	24	0	0
ASV_1285	0	0	0	24	0	0
ASV_1286	0	0	0	24	0	0
ASV_1287	0	0	0	24	0	0
ASV_1288	0	0	0	17	0	7
ASV_1289	0	0	0	17	0	7
ASV_1290	0	0	0	17	7	0
ASV_1291	0	0	0	16	0	8
ASV_1292	0	0	0	13	0	11
ASV_1293	0	0	0	0	24	0
ASV_1294	0	0	0	0	24	0
ASV_1295	0	0	0	0	24	0
ASV_1296	0	0	0	0	24	0
ASV_1297	0	0	0	0	0	24
ASV_1298	0	0	0	0	0	24
ASV_1299	0	0	0	0	0	24
ASV_1300	0	0	0	0	0	24
ASV_1301	23	0	0	0	0	0
ASV_1302	23	0	0	0	0	0
ASV_1303	16	0	7	0	0	0
ASV_1304	0	9	14	0	0	0
ASV_1305	0	0	23	0	0	0
ASV_1306	0	0	23	0	0	0
ASV_1307	0	0	23	0	0	0
ASV_1308	0	0	23	0	0	0
ASV_1309	0	0	23	0	0	0
ASV_1310	0	0	0	23	0	0
ASV_1311	0	0	0	23	0	0
ASV_1312	0	0	0	23	0	0
ASV_1313	0	0	0	23	0	0
ASV_1314	0	0	0	23	0	0
ASV_1315	0	0	0	23	0	0
ASV_1316	0	0	0	23	0	0
ASV_1317	0	0	0	23	0	0
ASV_1318	0	0	0	23	0	0
ASV_1319	0	0	0	17	0	6
ASV_1320	0	0	0	14	9	0
ASV_1321	0	0	0	13	0	10
ASV_1322	0	0	0	13	10	0
ASV_1323	0	0	0	12	0	11
ASV_1324	0	0	0	12	11	0
ASV_1325	0	0	0	0	23	0
ASV_1326	0	0	0	0	23	0
ASV_1327	0	0	0	0	0	23
ASV_1328	22	0	0	0	0	0
ASV_1329	10	0	12	0	0	0
ASV_1330	0	22	0	0	0	0
ASV_1331	0	22	0	0	0	0
ASV_1332	0	22	0	0	0	0
ASV_1333	0	9	13	0	0	0
ASV_1334	0	0	22	0	0	0
ASV_1335	0	0	0	22	0	0
ASV_1336	0	0	0	22	0	0
ASV_1337	0	0	0	22	0	0
ASV_1338	0	0	0	22	0	0
ASV_1339	0	0	0	22	0	0
ASV_1340	0	0	0	9	3	10
ASV_1341	0	0	0	0	22	0
ASV_1342	0	0	0	0	22	0
ASV_1343	0	0	0	0	22	0
ASV_1344	0	0	0	0	22	0
ASV_1345	0	0	0	0	0	22
ASV_1346	0	0	0	0	0	22
ASV_1347	0	0	0	0	0	22
ASV_1348	0	0	0	0	0	22
ASV_1349	21	0	0	0	0	0
ASV_1350	21	0	0	0	0	0
ASV_1351	21	0	0	0	0	0
ASV_1352	0	0	21	0	0	0
ASV_1353	0	0	21	0	0	0
ASV_1354	0	0	21	0	0	0
ASV_1355	0	0	21	0	0	0
ASV_1356	0	0	21	0	0	0
ASV_1357	0	0	0	21	0	0
ASV_1358	0	0	0	21	0	0
ASV_1359	0	0	0	21	0	0
ASV_1360	0	0	0	21	0	0
ASV_1361	0	0	0	21	0	0
ASV_1362	0	0	0	21	0	0
ASV_1363	0	0	0	21	0	0
ASV_1364	0	0	0	21	0	0
ASV_1365	0	0	0	21	0	0
ASV_1366	0	0	0	21	0	0
ASV_1367	0	0	0	21	0	0
ASV_1368	0	0	0	17	0	4
ASV_1369	0	0	0	16	5	0
ASV_1370	0	0	0	14	7	0
ASV_1371	0	0	0	12	0	9
ASV_1372	0	0	0	11	0	10
ASV_1373	0	0	0	11	0	10
ASV_1374	0	0	0	9	4	8
ASV_1375	0	0	0	9	5	7
ASV_1376	0	0	0	7	0	14
ASV_1377	0	0	0	0	21	0
ASV_1378	0	0	0	0	21	0
ASV_1379	0	0	0	0	0	21
ASV_1380	0	0	0	0	0	21
ASV_1381	0	0	0	0	0	21
ASV_1382	0	0	0	0	0	21
ASV_1383	20	0	0	0	0	0
ASV_1384	20	0	0	0	0	0
ASV_1385	20	0	0	0	0	0
ASV_1386	20	0	0	0	0	0
ASV_1387	11	0	9	0	0	0
ASV_1388	10	0	10	0	0	0
ASV_1389	7	6	7	0	0	0
ASV_1390	0	20	0	0	0	0
ASV_1391	0	0	20	0	0	0
ASV_1392	0	0	20	0	0	0
ASV_1393	0	0	0	20	0	0
ASV_1394	0	0	0	20	0	0
ASV_1395	0	0	0	20	0	0
ASV_1396	0	0	0	20	0	0
ASV_1397	0	0	0	20	0	0
ASV_1398	0	0	0	20	0	0
ASV_1399	0	0	0	20	0	0
ASV_1400	0	0	0	20	0	0
ASV_1401	0	0	0	20	0	0
ASV_1402	0	0	0	20	0	0
ASV_1403	0	0	0	20	0	0
ASV_1404	0	0	0	20	0	0
ASV_1405	0	0	0	20	0	0
ASV_1406	0	0	0	20	0	0
ASV_1407	0	0	0	20	0	0
ASV_1408	0	0	0	20	0	0
ASV_1409	0	0	0	20	0	0
ASV_1410	0	0	0	20	0	0
ASV_1411	0	0	0	20	0	0
ASV_1412	0	0	0	20	0	0
ASV_1413	0	0	0	20	0	0
ASV_1414	0	0	0	20	0	0
ASV_1415	0	0	0	11	0	9
ASV_1416	0	0	0	10	0	10
ASV_1417	0	0	0	8	0	12
ASV_1418	0	0	0	0	20	0
ASV_1419	0	0	0	0	0	20
ASV_1420	0	0	0	0	0	20
ASV_1421	0	0	0	0	0	20
ASV_1422	0	0	0	0	0	20
ASV_1423	0	0	0	0	0	20
ASV_1424	19	0	0	0	0	0
ASV_1425	12	0	7	0	0	0
ASV_1426	0	19	0	0	0	0
ASV_1427	0	19	0	0	0	0
ASV_1428	0	0	19	0	0	0
ASV_1429	0	0	19	0	0	0
ASV_1430	0	0	19	0	0	0
ASV_1431	0	0	19	0	0	0
ASV_1432	0	0	19	0	0	0
ASV_1433	0	0	19	0	0	0
ASV_1434	0	0	19	0	0	0
ASV_1435	0	0	0	19	0	0
ASV_1436	0	0	0	19	0	0
ASV_1437	0	0	0	19	0	0
ASV_1438	0	0	0	19	0	0
ASV_1439	0	0	0	19	0	0
ASV_1440	0	0	0	19	0	0
ASV_1441	0	0	0	19	0	0
ASV_1442	0	0	0	19	0	0
ASV_1443	0	0	0	19	0	0
ASV_1444	0	0	0	19	0	0
ASV_1445	0	0	0	19	0	0
ASV_1446	0	0	0	19	0	0
ASV_1447	0	0	0	19	0	0
ASV_1448	0	0	0	19	0	0
ASV_1449	0	0	0	13	6	0
ASV_1450	0	0	0	0	19	0
ASV_1451	0	0	0	0	19	0
ASV_1452	0	0	0	0	0	19
ASV_1453	0	0	0	0	0	19
ASV_1454	0	0	0	0	0	19
ASV_1455	0	0	0	0	0	19
ASV_1456	0	0	0	0	0	19
ASV_1457	0	0	0	0	0	19
ASV_1458	0	0	0	0	0	19
ASV_1459	0	0	0	0	0	19
ASV_1460	0	0	0	0	0	19
ASV_1461	18	0	0	0	0	0
ASV_1462	18	0	0	0	0	0
ASV_1463	8	0	10	0	0	0
ASV_1464	0	18	0	0	0	0
ASV_1465	0	18	0	0	0	0
ASV_1466	0	18	0	0	0	0
ASV_1467	0	9	9	0	0	0
ASV_1468	0	6	12	0	0	0
ASV_1469	0	0	18	0	0	0
ASV_1470	0	0	18	0	0	0
ASV_1471	0	0	18	0	0	0
ASV_1472	0	0	18	0	0	0
ASV_1473	0	0	0	18	0	0
ASV_1474	0	0	0	18	0	0
ASV_1475	0	0	0	18	0	0
ASV_1476	0	0	0	18	0	0
ASV_1477	0	0	0	18	0	0
ASV_1478	0	0	0	18	0	0
ASV_1479	0	0	0	18	0	0
ASV_1480	0	0	0	18	0	0
ASV_1481	0	0	0	18	0	0
ASV_1482	0	0	0	18	0	0
ASV_1483	0	0	0	18	0	0
ASV_1484	0	0	0	18	0	0
ASV_1485	0	0	0	18	0	0
ASV_1486	0	0	0	18	0	0
ASV_1487	0	0	0	18	0	0
ASV_1488	0	0	0	18	0	0
ASV_1489	0	0	0	18	0	0
ASV_1490	0	0	0	18	0	0
ASV_1491	0	0	0	13	5	0
ASV_1492	0	0	0	12	0	6
ASV_1493	0	0	0	9	0	9
ASV_1494	0	0	0	0	18	0
ASV_1495	0	0	0	0	18	0
ASV_1496	0	0	0	0	18	0
ASV_1497	0	0	0	0	18	0
ASV_1498	0	0	0	0	18	0
ASV_1499	0	0	0	0	18	0
ASV_1500	0	0	0	0	0	18
ASV_1501	17	0	0	0	0	0
ASV_1502	17	0	0	0	0	0
ASV_1503	17	0	0	0	0	0
ASV_1504	11	0	6	0	0	0
ASV_1505	8	0	9	0	0	0
ASV_1506	0	0	17	0	0	0
ASV_1507	0	0	17	0	0	0
ASV_1508	0	0	17	0	0	0
ASV_1509	0	0	17	0	0	0
ASV_1510	0	0	17	0	0	0
ASV_1511	0	0	0	17	0	0
ASV_1512	0	0	0	17	0	0
ASV_1513	0	0	0	17	0	0
ASV_1514	0	0	0	17	0	0
ASV_1515	0	0	0	17	0	0
ASV_1516	0	0	0	17	0	0
ASV_1517	0	0	0	17	0	0
ASV_1518	0	0	0	17	0	0
ASV_1519	0	0	0	17	0	0
ASV_1520	0	0	0	17	0	0
ASV_1521	0	0	0	17	0	0
ASV_1522	0	0	0	11	0	6
ASV_1523	0	0	0	10	0	7
ASV_1524	0	0	0	8	0	9
ASV_1525	0	0	0	0	17	0
ASV_1526	0	0	0	0	17	0
ASV_1527	0	0	0	0	9	8
ASV_1528	0	0	0	0	0	17
ASV_1529	0	0	0	0	0	17
ASV_1530	0	0	0	0	0	17
ASV_1531	0	0	0	0	0	17
ASV_1532	0	0	0	0	0	17
ASV_1533	0	0	0	0	0	17
ASV_1534	0	0	0	0	0	17
ASV_1535	16	0	0	0	0	0
ASV_1536	16	0	0	0	0	0
ASV_1537	16	0	0	0	0	0
ASV_1538	10	0	6	0	0	0
ASV_1539	0	16	0	0	0	0
ASV_1540	0	0	16	0	0	0
ASV_1541	0	0	16	0	0	0
ASV_1542	0	0	16	0	0	0
ASV_1543	0	0	16	0	0	0
ASV_1544	0	0	0	16	0	0
ASV_1545	0	0	0	16	0	0
ASV_1546	0	0	0	16	0	0
ASV_1547	0	0	0	16	0	0
ASV_1548	0	0	0	16	0	0
ASV_1549	0	0	0	16	0	0
ASV_1550	0	0	0	16	0	0
ASV_1551	0	0	0	16	0	0
ASV_1552	0	0	0	16	0	0
ASV_1553	0	0	0	16	0	0
ASV_1554	0	0	0	16	0	0
ASV_1555	0	0	0	16	0	0
ASV_1556	0	0	0	16	0	0
ASV_1557	0	0	0	10	6	0
ASV_1558	0	0	0	10	0	6
ASV_1559	0	0	0	7	9	0
ASV_1560	0	0	0	6	4	6
ASV_1561	0	0	0	0	16	0
ASV_1562	0	0	0	0	16	0
ASV_1563	0	0	0	0	16	0
ASV_1564	0	0	0	0	8	8
ASV_1565	0	0	0	0	0	16
ASV_1566	0	0	0	0	0	16
ASV_1567	0	0	0	0	0	16
ASV_1568	0	0	0	0	0	16
ASV_1569	0	0	0	0	0	16
ASV_1570	15	0	0	0	0	0
ASV_1571	15	0	0	0	0	0
ASV_1572	9	0	6	0	0	0
ASV_1573	5	4	6	0	0	0
ASV_1574	0	15	0	0	0	0
ASV_1575	0	15	0	0	0	0
ASV_1576	0	15	0	0	0	0
ASV_1577	0	15	0	0	0	0
ASV_1578	0	15	0	0	0	0
ASV_1579	0	0	15	0	0	0
ASV_1580	0	0	15	0	0	0
ASV_1581	0	0	15	0	0	0
ASV_1582	0	0	15	0	0	0
ASV_1583	0	0	15	0	0	0
ASV_1584	0	0	15	0	0	0
ASV_1585	0	0	15	0	0	0
ASV_1586	0	0	15	0	0	0
ASV_1587	0	0	15	0	0	0
ASV_1588	0	0	0	15	0	0
ASV_1589	0	0	0	15	0	0
ASV_1590	0	0	0	15	0	0
ASV_1591	0	0	0	15	0	0
ASV_1592	0	0	0	15	0	0
ASV_1593	0	0	0	15	0	0
ASV_1594	0	0	0	15	0	0
ASV_1595	0	0	0	15	0	0
ASV_1596	0	0	0	15	0	0
ASV_1597	0	0	0	15	0	0
ASV_1598	0	0	0	15	0	0
ASV_1599	0	0	0	15	0	0
ASV_1600	0	0	0	15	0	0
ASV_1601	0	0	0	15	0	0
ASV_1602	0	0	0	15	0	0
ASV_1603	0	0	0	15	0	0
ASV_1604	0	0	0	15	0	0
ASV_1605	0	0	0	15	0	0
ASV_1606	0	0	0	15	0	0
ASV_1607	0	0	0	7	0	8
ASV_1608	0	0	0	0	15	0
ASV_1609	0	0	0	0	15	0
ASV_1610	0	0	0	0	15	0
ASV_1611	0	0	0	0	15	0
ASV_1612	0	0	0	0	6	9
ASV_1613	0	0	0	0	0	15
ASV_1614	0	0	0	0	0	15
ASV_1615	0	0	0	0	0	15
ASV_1616	0	0	0	0	0	15
ASV_1617	0	0	0	0	0	15
ASV_1618	0	0	0	0	0	15
ASV_1619	14	0	0	0	0	0
ASV_1620	8	0	6	0	0	0
ASV_1621	0	14	0	0	0	0
ASV_1622	0	14	0	0	0	0
ASV_1623	0	14	0	0	0	0
ASV_1624	0	0	14	0	0	0
ASV_1625	0	0	14	0	0	0
ASV_1626	0	0	14	0	0	0
ASV_1627	0	0	14	0	0	0
ASV_1628	0	0	0	14	0	0
ASV_1629	0	0	0	14	0	0
ASV_1630	0	0	0	14	0	0
ASV_1631	0	0	0	14	0	0
ASV_1632	0	0	0	14	0	0
ASV_1633	0	0	0	14	0	0
ASV_1634	0	0	0	14	0	0
ASV_1635	0	0	0	14	0	0
ASV_1636	0	0	0	14	0	0
ASV_1637	0	0	0	14	0	0
ASV_1638	0	0	0	14	0	0
ASV_1639	0	0	0	14	0	0
ASV_1640	0	0	0	14	0	0
ASV_1641	0	0	0	14	0	0
ASV_1642	0	0	0	14	0	0
ASV_1643	0	0	0	14	0	0
ASV_1644	0	0	0	14	0	0
ASV_1645	0	0	0	14	0	0
ASV_1646	0	0	0	14	0	0
ASV_1647	0	0	0	14	0	0
ASV_1648	0	0	0	14	0	0
ASV_1649	0	0	0	10	4	0
ASV_1650	0	0	0	10	0	4
ASV_1651	0	0	0	7	0	7
ASV_1652	0	0	0	7	0	7
ASV_1653	0	0	0	0	14	0
ASV_1654	0	0	0	0	14	0
ASV_1655	0	0	0	0	14	0
ASV_1656	0	0	0	0	14	0
ASV_1657	0	0	0	0	7	7
ASV_1658	0	0	0	0	3	11
ASV_1659	0	0	0	0	0	14
ASV_1660	0	0	0	0	0	14
ASV_1661	0	0	0	0	0	14
ASV_1662	0	0	0	0	0	14
ASV_1663	0	0	0	0	0	14
ASV_1664	0	0	0	0	0	14
ASV_1665	0	0	0	0	0	14
ASV_1666	0	0	0	0	0	14
ASV_1667	0	0	0	0	0	14
ASV_1668	0	0	0	0	0	14
ASV_1669	0	0	0	0	0	14
ASV_1670	0	0	0	0	0	14
ASV_1671	0	0	0	0	0	14
ASV_1672	0	0	0	0	0	14
ASV_1673	13	0	0	0	0	0
ASV_1674	13	0	0	0	0	0
ASV_1675	13	0	0	0	0	0
ASV_1676	13	0	0	0	0	0
ASV_1677	0	13	0	0	0	0
ASV_1678	0	13	0	0	0	0
ASV_1679	0	0	13	0	0	0
ASV_1680	0	0	13	0	0	0
ASV_1681	0	0	13	0	0	0
ASV_1682	0	0	13	0	0	0
ASV_1683	0	0	13	0	0	0
ASV_1684	0	0	0	13	0	0
ASV_1685	0	0	0	13	0	0
ASV_1686	0	0	0	13	0	0
ASV_1687	0	0	0	13	0	0
ASV_1688	0	0	0	13	0	0
ASV_1689	0	0	0	13	0	0
ASV_1690	0	0	0	13	0	0
ASV_1691	0	0	0	13	0	0
ASV_1692	0	0	0	13	0	0
ASV_1693	0	0	0	13	0	0
ASV_1694	0	0	0	13	0	0
ASV_1695	0	0	0	13	0	0
ASV_1696	0	0	0	13	0	0
ASV_1697	0	0	0	13	0	0
ASV_1698	0	0	0	11	0	2
ASV_1699	0	0	0	10	0	3
ASV_1700	0	0	0	8	0	5
ASV_1701	0	0	0	8	5	0
ASV_1702	0	0	0	0	13	0
ASV_1703	0	0	0	0	13	0
ASV_1704	0	0	0	0	0	13
ASV_1705	0	0	0	0	0	13
ASV_1706	0	0	0	0	0	13
ASV_1707	0	0	0	0	0	13
ASV_1708	0	0	0	0	0	13
ASV_1709	0	0	0	0	0	13
ASV_1710	0	0	0	0	0	13
ASV_1711	0	0	0	0	0	13
ASV_1712	0	0	0	0	0	13
ASV_1713	12	0	0	0	0	0
ASV_1714	12	0	0	0	0	0
ASV_1715	12	0	0	0	0	0
ASV_1716	0	12	0	0	0	0
ASV_1717	0	12	0	0	0	0
ASV_1718	0	12	0	0	0	0
ASV_1719	0	12	0	0	0	0
ASV_1720	0	0	12	0	0	0
ASV_1721	0	0	12	0	0	0
ASV_1722	0	0	12	0	0	0
ASV_1723	0	0	12	0	0	0
ASV_1724	0	0	12	0	0	0
ASV_1725	0	0	12	0	0	0
ASV_1726	0	0	0	12	0	0
ASV_1727	0	0	0	12	0	0
ASV_1728	0	0	0	12	0	0
ASV_1729	0	0	0	12	0	0
ASV_1730	0	0	0	12	0	0
ASV_1731	0	0	0	12	0	0
ASV_1732	0	0	0	12	0	0
ASV_1733	0	0	0	9	3	0
ASV_1734	0	0	0	4	0	8
ASV_1735	0	0	0	4	0	8
ASV_1736	0	0	0	0	12	0
ASV_1737	0	0	0	0	12	0
ASV_1738	0	0	0	0	12	0
ASV_1739	0	0	0	0	12	0
ASV_1740	0	0	0	0	12	0
ASV_1741	0	0	0	0	12	0
ASV_1742	0	0	0	0	0	12
ASV_1743	0	0	0	0	0	12
ASV_1744	0	0	0	0	0	12
ASV_1745	0	0	0	0	0	12
ASV_1746	0	0	0	0	0	12
ASV_1747	0	0	0	0	0	12
ASV_1748	0	0	0	0	0	12
ASV_1749	0	0	0	0	0	12
ASV_1750	0	0	0	0	0	12
ASV_1751	0	0	0	0	0	12
ASV_1752	0	0	0	0	0	12
ASV_1753	11	0	0	0	0	0
ASV_1754	11	0	0	0	0	0
ASV_1755	11	0	0	0	0	0
ASV_1756	11	0	0	0	0	0
ASV_1757	0	11	0	0	0	0
ASV_1758	0	11	0	0	0	0
ASV_1759	0	11	0	0	0	0
ASV_1760	0	11	0	0	0	0
ASV_1761	0	0	11	0	0	0
ASV_1762	0	0	11	0	0	0
ASV_1763	0	0	11	0	0	0
ASV_1764	0	0	11	0	0	0
ASV_1765	0	0	11	0	0	0
ASV_1766	0	0	11	0	0	0
ASV_1767	0	0	0	11	0	0
ASV_1768	0	0	0	11	0	0
ASV_1769	0	0	0	11	0	0
ASV_1770	0	0	0	11	0	0
ASV_1771	0	0	0	11	0	0
ASV_1772	0	0	0	11	0	0
ASV_1773	0	0	0	11	0	0
ASV_1774	0	0	0	11	0	0
ASV_1775	0	0	0	11	0	0
ASV_1776	0	0	0	11	0	0
ASV_1777	0	0	0	11	0	0
ASV_1778	0	0	0	11	0	0
ASV_1779	0	0	0	11	0	0
ASV_1780	0	0	0	11	0	0
ASV_1781	0	0	0	11	0	0
ASV_1782	0	0	0	7	4	0
ASV_1783	0	0	0	4	0	7
ASV_1784	0	0	0	0	11	0
ASV_1785	0	0	0	0	11	0
ASV_1786	0	0	0	0	11	0
ASV_1787	0	0	0	0	11	0
ASV_1788	0	0	0	0	0	11
ASV_1789	0	0	0	0	0	11
ASV_1790	0	0	0	0	0	11
ASV_1791	0	0	0	0	0	11
ASV_1792	0	0	0	0	0	11
ASV_1793	0	0	0	0	0	11
ASV_1794	0	0	0	0	0	11
ASV_1795	10	0	0	0	0	0
ASV_1796	10	0	0	0	0	0
ASV_1797	0	10	0	0	0	0
ASV_1798	0	10	0	0	0	0
ASV_1799	0	10	0	0	0	0
ASV_1800	0	0	10	0	0	0
ASV_1801	0	0	0	10	0	0
ASV_1802	0	0	0	10	0	0
ASV_1803	0	0	0	10	0	0
ASV_1804	0	0	0	10	0	0
ASV_1805	0	0	0	10	0	0
ASV_1806	0	0	0	10	0	0
ASV_1807	0	0	0	10	0	0
ASV_1808	0	0	0	10	0	0
ASV_1809	0	0	0	10	0	0
ASV_1810	0	0	0	10	0	0
ASV_1811	0	0	0	10	0	0
ASV_1812	0	0	0	10	0	0
ASV_1813	0	0	0	10	0	0
ASV_1814	0	0	0	10	0	0
ASV_1815	0	0	0	10	0	0
ASV_1816	0	0	0	10	0	0
ASV_1817	0	0	0	10	0	0
ASV_1818	0	0	0	10	0	0
ASV_1819	0	0	0	0	10	0
ASV_1820	0	0	0	0	0	10
ASV_1821	0	0	0	0	0	10
ASV_1822	0	0	0	0	0	10
ASV_1823	0	0	0	0	0	10
ASV_1824	0	0	0	0	0	10
ASV_1825	9	0	0	0	0	0
ASV_1826	0	9	0	0	0	0
ASV_1827	0	9	0	0	0	0
ASV_1828	0	0	9	0	0	0
ASV_1829	0	0	9	0	0	0
ASV_1830	0	0	9	0	0	0
ASV_1831	0	0	9	0	0	0
ASV_1832	0	0	9	0	0	0
ASV_1833	0	0	0	9	0	0
ASV_1834	0	0	0	9	0	0
ASV_1835	0	0	0	9	0	0
ASV_1836	0	0	0	9	0	0
ASV_1837	0	0	0	9	0	0
ASV_1838	0	0	0	9	0	0
ASV_1839	0	0	0	9	0	0
ASV_1840	0	0	0	9	0	0
ASV_1841	0	0	0	9	0	0
ASV_1842	0	0	0	9	0	0
ASV_1843	0	0	0	9	0	0
ASV_1844	0	0	0	9	0	0
ASV_1845	0	0	0	9	0	0
ASV_1846	0	0	0	9	0	0
ASV_1847	0	0	0	9	0	0
ASV_1848	0	0	0	9	0	0
ASV_1849	0	0	0	9	0	0
ASV_1850	0	0	0	9	0	0
ASV_1851	0	0	0	9	0	0
ASV_1852	0	0	0	9	0	0
ASV_1853	0	0	0	9	0	0
ASV_1854	0	0	0	0	9	0
ASV_1855	0	0	0	0	9	0
ASV_1856	0	0	0	0	9	0
ASV_1857	0	0	0	0	9	0
ASV_1858	0	0	0	0	0	9
ASV_1859	0	0	0	0	0	9
ASV_1860	0	0	0	0	0	9
ASV_1861	0	0	0	0	0	9
ASV_1862	8	0	0	0	0	0
ASV_1863	0	8	0	0	0	0
ASV_1864	0	8	0	0	0	0
ASV_1865	0	4	4	0	0	0
ASV_1866	0	0	8	0	0	0
ASV_1867	0	0	8	0	0	0
ASV_1868	0	0	8	0	0	0
ASV_1869	0	0	8	0	0	0
ASV_1870	0	0	0	8	0	0
ASV_1871	0	0	0	8	0	0
ASV_1872	0	0	0	8	0	0
ASV_1873	0	0	0	8	0	0
ASV_1874	0	0	0	8	0	0
ASV_1875	0	0	0	8	0	0
ASV_1876	0	0	0	8	0	0
ASV_1877	0	0	0	8	0	0
ASV_1878	0	0	0	8	0	0
ASV_1879	0	0	0	8	0	0
ASV_1880	0	0	0	8	0	0
ASV_1881	0	0	0	8	0	0
ASV_1882	0	0	0	8	0	0
ASV_1883	0	0	0	8	0	0
ASV_1884	0	0	0	8	0	0
ASV_1885	0	0	0	8	0	0
ASV_1886	0	0	0	8	0	0
ASV_1887	0	0	0	8	0	0
ASV_1888	0	0	0	8	0	0
ASV_1889	0	0	0	8	0	0
ASV_1890	0	0	0	8	0	0
ASV_1891	0	0	0	0	8	0
ASV_1892	0	0	0	0	8	0
ASV_1893	0	0	0	0	8	0
ASV_1894	0	0	0	0	0	8
ASV_1895	0	0	0	0	0	8
ASV_1896	0	0	0	0	0	8
ASV_1897	0	0	0	0	0	8
ASV_1898	0	0	0	0	0	8
ASV_1899	0	0	0	0	0	8
ASV_1900	0	0	0	0	0	8
ASV_1901	0	0	0	0	0	8
ASV_1902	0	0	0	0	0	8
ASV_1903	0	0	0	0	0	8
ASV_1904	7	0	0	0	0	0
ASV_1905	7	0	0	0	0	0
ASV_1906	7	0	0	0	0	0
ASV_1907	5	2	0	0	0	0
ASV_1908	0	7	0	0	0	0
ASV_1909	0	7	0	0	0	0
ASV_1910	0	7	0	0	0	0
ASV_1911	0	0	7	0	0	0
ASV_1912	0	0	7	0	0	0
ASV_1913	0	0	0	7	0	0
ASV_1914	0	0	0	7	0	0
ASV_1915	0	0	0	7	0	0
ASV_1916	0	0	0	7	0	0
ASV_1917	0	0	0	7	0	0
ASV_1918	0	0	0	7	0	0
ASV_1919	0	0	0	7	0	0
ASV_1920	0	0	0	7	0	0
ASV_1921	0	0	0	7	0	0
ASV_1922	0	0	0	7	0	0
ASV_1923	0	0	0	7	0	0
ASV_1924	0	0	0	7	0	0
ASV_1925	0	0	0	7	0	0
ASV_1926	0	0	0	7	0	0
ASV_1927	0	0	0	7	0	0
ASV_1928	0	0	0	7	0	0
ASV_1929	0	0	0	7	0	0
ASV_1930	0	0	0	7	0	0
ASV_1931	0	0	0	7	0	0
ASV_1932	0	0	0	7	0	0
ASV_1933	0	0	0	0	7	0
ASV_1934	0	0	0	0	7	0
ASV_1935	0	0	0	0	7	0
ASV_1936	0	0	0	0	7	0
ASV_1937	0	0	0	0	7	0
ASV_1938	0	0	0	0	7	0
ASV_1939	0	0	0	0	7	0
ASV_1940	0	0	0	0	7	0
ASV_1941	0	0	0	0	0	7
ASV_1942	0	0	0	0	0	7
ASV_1943	0	0	0	0	0	7
ASV_1944	0	0	0	0	0	7
ASV_1945	0	0	0	0	0	7
ASV_1946	0	0	0	0	0	7
ASV_1947	0	0	0	0	0	7
ASV_1948	0	0	0	0	0	7
ASV_1949	0	0	0	0	0	7
ASV_1950	0	0	0	0	0	7
ASV_1951	6	0	0	0	0	0
ASV_1952	6	0	0	0	0	0
ASV_1953	6	0	0	0	0	0
ASV_1954	6	0	0	0	0	0
ASV_1955	6	0	0	0	0	0
ASV_1956	0	6	0	0	0	0
ASV_1957	0	6	0	0	0	0
ASV_1958	0	6	0	0	0	0
ASV_1959	0	6	0	0	0	0
ASV_1960	0	0	6	0	0	0
ASV_1961	0	0	6	0	0	0
ASV_1962	0	0	6	0	0	0
ASV_1963	0	0	6	0	0	0
ASV_1964	0	0	6	0	0	0
ASV_1965	0	0	6	0	0	0
ASV_1966	0	0	6	0	0	0
ASV_1967	0	0	6	0	0	0
ASV_1968	0	0	0	6	0	0
ASV_1969	0	0	0	6	0	0
ASV_1970	0	0	0	6	0	0
ASV_1971	0	0	0	6	0	0
ASV_1972	0	0	0	6	0	0
ASV_1973	0	0	0	6	0	0
ASV_1974	0	0	0	6	0	0
ASV_1975	0	0	0	6	0	0
ASV_1976	0	0	0	6	0	0
ASV_1977	0	0	0	6	0	0
ASV_1978	0	0	0	6	0	0
ASV_1979	0	0	0	6	0	0
ASV_1980	0	0	0	6	0	0
ASV_1981	0	0	0	6	0	0
ASV_1982	0	0	0	0	6	0
ASV_1983	0	0	0	0	6	0
ASV_1984	0	0	0	0	6	0
ASV_1985	0	0	0	0	6	0
ASV_1986	0	0	0	0	6	0
ASV_1987	0	0	0	0	6	0
ASV_1988	0	0	0	0	6	0
ASV_1989	0	0	0	0	6	0
ASV_1990	0	0	0	0	6	0
ASV_1991	0	0	0	0	0	6
ASV_1992	0	0	0	0	0	6
ASV_1993	0	0	0	0	0	6
ASV_1994	0	0	0	0	0	6
ASV_1995	0	0	0	0	0	6
ASV_1996	0	0	0	0	0	6
ASV_1997	0	0	0	0	0	6
ASV_1998	0	0	0	0	0	6
ASV_1999	0	0	0	0	0	6
ASV_2000	0	0	0	0	0	6
ASV_2001	0	0	0	0	0	6
ASV_2002	0	0	0	0	0	6
ASV_2003	0	0	0	0	0	6
ASV_2004	5	0	0	0	0	0
ASV_2005	5	0	0	0	0	0
ASV_2006	5	0	0	0	0	0
ASV_2007	3	2	0	0	0	0
ASV_2008	0	5	0	0	0	0
ASV_2009	0	5	0	0	0	0
ASV_2010	0	5	0	0	0	0
ASV_2011	0	5	0	0	0	0
ASV_2012	0	0	5	0	0	0
ASV_2013	0	0	5	0	0	0
ASV_2014	0	0	0	5	0	0
ASV_2015	0	0	0	5	0	0
ASV_2016	0	0	0	5	0	0
ASV_2017	0	0	0	5	0	0
ASV_2018	0	0	0	5	0	0
ASV_2019	0	0	0	5	0	0
ASV_2020	0	0	0	5	0	0
ASV_2021	0	0	0	5	0	0
ASV_2022	0	0	0	5	0	0
ASV_2023	0	0	0	5	0	0
ASV_2024	0	0	0	5	0	0
ASV_2025	0	0	0	5	0	0
ASV_2026	0	0	0	0	5	0
ASV_2027	0	0	0	0	5	0
ASV_2028	0	0	0	0	5	0
ASV_2029	0	0	0	0	5	0
ASV_2030	0	0	0	0	5	0
ASV_2031	0	0	0	0	0	5
ASV_2032	0	0	0	0	0	5
ASV_2033	0	0	0	0	0	5
ASV_2034	0	0	0	0	0	5
ASV_2035	0	0	0	0	0	5
ASV_2036	0	0	0	0	0	5
ASV_2037	0	0	0	0	0	5
ASV_2038	0	0	0	0	0	5
ASV_2039	0	0	0	0	0	5
ASV_2040	0	0	0	0	0	5
ASV_2041	0	0	0	0	0	5
ASV_2042	0	0	0	0	0	5
ASV_2043	0	0	0	0	0	5
ASV_2044	4	0	0	0	0	0
ASV_2045	4	0	0	0	0	0
ASV_2046	4	0	0	0	0	0
ASV_2047	4	0	0	0	0	0
ASV_2048	4	0	0	0	0	0
ASV_2049	0	4	0	0	0	0
ASV_2050	0	4	0	0	0	0
ASV_2051	0	4	0	0	0	0
ASV_2052	0	0	4	0	0	0
ASV_2053	0	0	0	4	0	0
ASV_2054	0	0	0	4	0	0
ASV_2055	0	0	0	4	0	0
ASV_2056	0	0	0	4	0	0
ASV_2057	0	0	0	4	0	0
ASV_2058	0	0	0	4	0	0
ASV_2059	0	0	0	4	0	0
ASV_2060	0	0	0	4	0	0
ASV_2061	0	0	0	4	0	0
ASV_2062	0	0	0	4	0	0
ASV_2063	0	0	0	4	0	0
ASV_2064	0	0	0	4	0	0
ASV_2065	0	0	0	4	0	0
ASV_2066	0	0	0	0	4	0
ASV_2067	0	0	0	0	4	0
ASV_2068	0	0	0	0	4	0
ASV_2069	0	0	0	0	4	0
ASV_2070	0	0	0	0	0	4
ASV_2071	0	0	0	0	0	4
ASV_2072	0	0	0	0	0	4
ASV_2073	0	0	0	0	0	4
ASV_2074	0	0	0	0	0	4
ASV_2075	0	0	0	0	0	4
ASV_2076	0	0	0	0	0	4
ASV_2077	3	0	0	0	0	0
ASV_2078	3	0	0	0	0	0
ASV_2079	3	0	0	0	0	0
ASV_2080	3	0	0	0	0	0
ASV_2081	0	3	0	0	0	0
ASV_2082	0	3	0	0	0	0
ASV_2083	0	3	0	0	0	0
ASV_2084	0	3	0	0	0	0
ASV_2085	0	3	0	0	0	0
ASV_2086	0	0	3	0	0	0
ASV_2087	0	0	3	0	0	0
ASV_2088	0	0	3	0	0	0
ASV_2089	0	0	3	0	0	0
ASV_2090	0	0	0	3	0	0
ASV_2091	0	0	0	3	0	0
ASV_2092	0	0	0	3	0	0
ASV_2093	0	0	0	3	0	0
ASV_2094	0	0	0	3	0	0
ASV_2095	0	0	0	3	0	0
ASV_2096	0	0	0	3	0	0
ASV_2097	0	0	0	0	3	0
ASV_2098	0	0	0	0	3	0
ASV_2099	0	0	0	0	3	0
ASV_2100	0	0	0	0	0	3
ASV_2101	0	0	0	0	0	3
ASV_2102	0	0	0	0	0	3
ASV_2103	0	0	0	0	0	3
ASV_2104	0	0	0	0	0	3
ASV_2105	0	0	0	0	0	3
ASV_2106	0	0	0	0	0	3
ASV_2107	2	0	0	0	0	0
ASV_2108	2	0	0	0	0	0
ASV_2109	2	0	0	0	0	0
ASV_2110	0	0	2	0	0	0
ASV_2111	0	0	2	0	0	0
ASV_2112	0	0	2	0	0	0
ASV_2113	0	0	0	2	0	0
ASV_2114	0	0	0	2	0	0
ASV_2115	0	0	0	2	0	0
ASV_2116	0	0	0	2	0	0
ASV_2117	0	0	0	2	0	0
ASV_2118	0	0	0	2	0	0
ASV_2119	0	0	0	0	2	0
ASV_2120	0	0	0	0	2	0
ASV_2121	0	0	0	0	2	0
ASV_2122	0	0	0	0	2	0
ASV_2123	0	0	0	0	2	0
ASV_2124	0	0	0	0	0	2
ASV_2125	0	0	0	0	0	2
